8474
8474
8474
8474
8474
8474
8474
8474
8474
8910
8474
8910
8910
8910
8910
8910
1159
9479
9479
9479
9479
24582
15744
15744
15744
15744
15744
15744
15744
35834
68481
59181
54462
88526
98381
35334
95286
54462
81046
78526
54557
84311
89046
54878
85871
82311
57489
87076
67456
14689
14689
14689
14689
14689
14689
14689
54706
82701
92271
95481
100196
106636
56068
84646
84796
55039
83176
92881
90996
36174
57795
78536
104098
58150
89126
24956
58064
80496
94111
58074
35332
104123
55226
11086
23068
23068
23068
23068
23068
10046
10046
10046
10046
10046
10046
10046
10046
22628
22628
22628
22628
22628
18977
18977
18977
10312
10312
10312
10312
10312
10312
10312
10312
10312
153
9775
153
1820
56176
80811
34625
54318
86141
84426
91171
91171
84696
82261
84696
57880
93896
57300
88686
20249
22600
20249
95481
1826
1826
17060
17060
17060
17060
17060
17060
17060
17060
17060
17060
17060
55478
55478
95491
88681
92446
78471
57142
35104
83366
81761
87341
91186
85951
58590
88791
100281
54569
85916
34531
95476
94846
83581
81056
82171
35672
85496
87351
87796
82336
83926
92386
79546
91176
17835
17835
17835
26330
26330
17835
17835
17835
17835
17835
17835
17835
17835
17835
17835
17835
17835
17835
17835
17835
17835
17835
17835
17835
17835
17835
17835
17835
17835
17835
17835
17835
17835
17835
17835
17835
17835
17835
17835
17835
17835
17835
17835
17835
17835
17835
17835
17835
17835
17835
10927
6404
6404
6404
6404
6404
6404
6404
6404
6404
6404
6404
6404
6404
6404
6404
6404
6404
6404
6404
6404
6404
6404
6404
6404
6404
6404
6404
6404
10927
10927
10927
10927
10927
10927
10927
24595
10927
24595
9479
17317
17317
17317
34551
55152
55152
58060
91906
79646
83091
4331
4331
4331
4331
4331
4331
4331
24592
24592
24592
24592
24592
24592
24592
24592
24592
24592
24592
24592
24592
4331
24592
4331
24592
4331
24592
24592
24592
5274
4331
24592
24592
5274
4008
4008
4008
87906
24825
56167
87661
87661
87661
89396
35516
36073
35516
80366
35583
82716
80366
9480
11086
27377
3733
28714
28714
28714
27359
8265
28714
28714
28714
28714
28714
28714
28714
28714
28714
28714
28714
28755
34385
6602
27232
28714
28889
27232
34297
28851
31805
31805
31805
31805
27376
28802
98056
31805
34385
28901
27376
28802
28896
4105
24588
24588
24588
24588
24588
24588
24588
19511
11086
20410
9776
3733
3733
3733
3733
3733
3733
3733
3733
3733
9776
3733
3733
3733
3733
3733
3733
9776
9776
9776
9776
19511
19511
19511
3733
3733
3733
3733
19511
3733
19511
19511
19511
19511
3733
3733
9776
3733
3733
9776
9776
19511
19511
19511
19511
19511
4120
4120
4120
4120
4120
4120
4120
4120
4120
4120
4120
4120
4120
4120
4120
4120
4120
4120
4120
4120
4120
4120
4120
4120
4120
4120
4120
4120
4120
4120
4120
4120
4120
4120
4120
4120
4120
4120
4120
4120
4120
4120
4120
4120
34309
8503
24578
24578
1159
17843
14752
14752
14752
14752
14752
14752
14752
14752
14752
14752
14752
14752
14752
25908
25908
25908
55631
84676
84806
55204
35100
85936
93131
88696
88691
78586
93136
34759
54785
83181
58597
86931
35896
84556
13560
13560
13560
84121
8230
24581
24581
24581
24581
24581
24581
24581
1290
84126
84131
80456
90701
57504
92771
57891
79461
94061
82571
92106
89971
93046
81526
54346
83171
86356
58027
54059
57525
81416
86551
79911
79361
35924
91366
91366
90541
58170
90691
57646
101061
58007
81281
58042
58829
84641
9426
9426
9426
9426
9426
9426
9426
9426
9426
9426
9426
9426
9426
9426
9426
9426
9426
9426
9426
9426
9426
9426
9426
9426
9426
9426
9426
9426
9426
9426
9426
9426
9426
9426
9426
9426
9426
9426
9426
9426
9426
9426
9426
9426
9426
4105
6853
6853
6853
6853
9426
28498
9426
9426
9426
9426
9426
28549
35878
56550
25521
25521
25521
25521
25521
25521
25521
25521
25521
25521
25521
25521
25521
25521
25521
25521
25521
25521
25521
25521
25521
25521
25521
25521
25521
25521
25521
22040
22040
22040
22040
11887
11887
11887
11887
11887
11887
11887
26769
8935
12444
12444
53915
8265
8265
12444
12444
12444
12444
12444
12444
12444
12444
12444
12444
12444
12444
12444
12444
12444
12444
12444
12444
12444
12444
12444
12444
12444
12444
12444
20324
20324
12542
12542
12542
24586
24586
24586
24586
57320
34636
82051
57475
54275
34451
81141
35430
55677
56750
95261
5961
5961
5961
84521
5961
5961
5961
5961
20249
6602
6602
6602
6602
6602
6602
6602
6602
6602
6602
6602
6602
6602
6602
10927
16021
16021
16021
16021
16021
16021
16021
16021
16021
84526
85291
83506
83506
54804
54962
54962
56527
58034
57774
58408
101301
58385
88811
54730
54730
88841
26782
11104
11104
11104
11104
11104
22040
22040
22040
22040
22040
11887
11887
11887
11887
11887
26782
24580
24580
24580
24580
24580
24580
24580
24593
24593
24593
36152
35447
57225
89941
93876
85901
54780
35171
93751
91396
54530
35887
82711
93871
82271
101361
55027
89581
83391
58102
83686
55669
32759
17835
17835
17835
17835
17835
17835
17835
26330
28909
28909
28909
28909
28909
17835
11086
11086
28909
26794
6853
27377
35381
8265
28714
28714
28714
34385
27362
27362
27403
27403
15073
11772
11772
11772
7563
7563
11772
11772
11772
11772
11772
11772
11772
11772
98056
98056
98056
98056
98056
98056
58799
24590
24590
24590
24590
24590
24590
24590
24590
24590
24590
24590
24590
24590
24590
24590
24590
24590
24590
24590
24590
24590
24590
24590
24590
24590
24590
24590
24590
24590
24590
88416
79241
55821
34926
34926
90231
58799
58799
55821
58799
55655
82476
35761
79301
79301
55665
58167
88161
88161
6853
35167
26795
1409
1409
1409
1409
1409
1409
1409
1409
1409
1409
1409
1409
1409
1409
1409
1409
1409
1409
1409
1409
1409
1409
1409
1409
1409
1409
1409
4125
4125
4125
4125
4125
4125
4125
4125
4125
4125
4125
4125
4125
4125
4125
4125
4125
4125
4125
4125
18842
34358
18842
18842
18842
18842
18842
18842
18842
18842
18842
18842
18842
18842
18842
18842
18842
18842
18842
18842
18842
18842
18842
18842
18842
18842
18842
18842
18842
18842
18842
18842
18842
18842
18842
18842
18842
18842
18842
18842
18842
18842
18842
18842
18842
18842
4331
4331
4331
4331
9426
9426
54808
18073
18073
18073
18073
18073
18073
18073
18073
18073
18073
18073
18073
18073
18073
18073
18073
18073
18073
18073
18073
18073
18073
18073
18073
18073
18073
18073
18073
18073
18073
18073
18073
18073
18073
18073
18073
18073
18073
18073
18073
18073
18073
18073
18073
18073
18073
18073
35595
35130
35130
35130
35130
35130
35130
35130
35130
35130
35130
35130
35130
35130
35130
35130
35130
35130
35130
35130
35130
35130
35130
35130
35130
35130
35130
35130
35130
35130
35130
35130
35130
35130
35130
35130
35130
35130
35130
35130
35130
35130
35130
35130
35130
35130
35130
35130
35130
35130
27381
22600
22600
22600
22600
22600
22600
22600
8474
8910
8910
8910
8910
8910
7563
4449
4449
4449
4449
4449
4449
4449
4449
4449
4449
54252
54252
88371
58893
35960
57844
80236
89066
53870
86366
57502
102016
34292
59423
55399
83096
35987
25229
79036
102046
57301
92351
57988
95136
91576
15073
54295
6853
6853
6853
6853
6853
6853
6853
6853
6853
6853
6853
6853
6853
6853
6853
6853
6853
6853
6853
6853
6853
5961
5961
5961
5961
5961
5961
5961
5961
5961
5961
5961
5961
5961
5961
5961
20249
20249
20249
20249
20249
20249
20249
20249
20249
20249
20249
22600
26787
26785
87051
8230
8230
31453
24589
24589
24589
24589
24589
24589
24589
24589
24589
56876
87056
35456
57666
35943
56720
35620
35620
35943
35620
35620
83216
80756
78606
102111
57476
89866
83471
102101
102106
58084
81351
102086
102116
102071
102076
56527
93101
102096
102091
87376
89371
104291
92221
102081
20324
20324
20324
5244
5244
5244
5244
5244
24586
5244
87521
87526
35799
35799
54486
55778
55778
83436
90886
94811
94811
58006
80661
87526
55532
91536
79936
79936
55093
80831
92891
93376
102246
85886
55526
86781
91161
85411
82486
102266
84141
102236
86876
102271
57779
88571
102261
54434
55616
58555
14039
8396
8396
8396
8396
8396
13560
101976
13455
13455
13455
13455
13455
13455
13455
13455
13455
13455
13455
13455
87581
54836
87586
9479
14689
9775
9775
9775
9775
15744
57293
87591
84146
57962
58015
58015
25186
58008
92251
93106
78931
94136
82646
92256
56063
57871
102486
84171
25030
87496
26782
36233
22040
22443
22443
22443
22443
14700
14700
14700
14700
14700
14700
14700
14700
14700
14700
22443
14700
14700
9480
9480
9480
9480
9480
9480
9480
9480
9480
9480
14700
14700
9480
9480
9480
14700
9480
9480
9480
22040
22040
22040
9480
22040
22040
22040
22040
22040
35127
2374
5627
5627
5627
5627
5627
5627
5627
5627
5627
5627
5627
5627
1826
1826
1826
1826
1826
1826
1826
1826
1826
1826
1826
1826
16844
53710
53710
35998
35763
35284
36128
36128
87786
36071
36071
36071
35473
102951
58016
55357
34374
57889
81481
102996
55579
57940
84411
95001
53986
102961
88581
12283
12283
12283
12283
12283
12283
12283
12283
12283
12283
12283
12283
12283
12283
12283
12283
10501
10501
10501
10501
10501
10501
10501
10501
10501
10501
10501
10501
10501
10501
88576
10501
10501
8230
10501
88586
20066
55048
57579
57579
83866
54123
57579
85416
35882
54789
80806
84981
57803
5202
31442
5202
5202
5202
5202
5202
5202
5202
5202
5202
5202
5202
5202
5202
5202
5202
5202
5202
5202
5202
5202
5202
5202
5202
5202
5202
5202
5202
5202
5202
5202
5202
5202
5202
5202
5202
5202
5202
5202
5202
5202
5202
5202
5202
5202
5202
5202
5202
5202
92411
11104
11104
11104
11104
11104
11104
11104
11104
11104
11104
11104
11104
8503
8503
8503
8503
8503
8503
8503
8503
8503
22600
22600
22600
22600
22600
7178
7178
7178
7178
7178
7178
7178
46549
56168
81656
86281
36152
35650
56339
56339
35555
35555
35858
82611
79086
83021
55609
54862
25050
35129
35129
26795
35129
35129
35129
35129
35129
35129
35129
35129
35129
35129
35129
35129
35129
35129
35129
35129
35129
35129
35129
35129
35129
35129
35129
35129
35129
35129
35129
9179
9179
9179
9179
9179
9179
9179
9179
9179
9179
9179
9179
9179
35129
35129
35129
35129
35129
9179
54099
8396
8396
13560
13560
13560
13560
13560
13560
13560
13560
13560
13560
13560
13560
13560
13560
13560
13560
13560
13560
13560
13560
26376
54304
54304
55822
26208
91486
91711
103631
26208
84286
93001
87006
95091
90286
58375
91501
91501
78941
92116
83551
57215
25842
92581
103636
81261
35968
89991
26790
18842
92996
4331
4331
24594
24594
24594
24594
24594
24594
24594
24594
24594
24594
34677
57161
57161
57161
57161
79056
57161
79056
106516
36154
55479
55479
57970
35142
35142
56161
92996
78116
78116
78116
89671
93141
78381
86011
86011
78806
91041
56179
58188
56335
79791
53912
56202
80486
86191
26778
26774
93091
5099
1409
1409
1409
1409
1409
1409
1409
1409
1409
1409
1409
1409
1409
1409
1409
1409
1409
1409
1409
1409
22443
22443
22443
22443
22443
22443
22443
22043
22043
22043
22043
22043
22043
22043
22043
22043
22043
22043
22043
22043
22043
22043
22043
22043
22043
22043
1409
1409
15073
15405
4125
22443
4306
12444
13455
4105
20324
7563
24569
1409
9480
4008
2846
2846
2846
2846
2846
2846
2846
2846
2846
2846
2846
2846
2846
2846
2846
2846
2846
2846
2846
2846
2846
2846
2846
2846
2846
2846
2846
2846
2846
2846
2846
2846
2846
2846
35130
35130
35130
35130
15405
15405
15405
15405
15405
15405
15405
15405
15405
15405
15405
15405
15405
15405
15405
15405
15405
15405
15405
15405
8265
8265
8265
8265
8265
8265
8265
8265
8265
8265
8265
8265
8265
8265
8265
8265
12542
56565
93981
55874
57767
103936
54218
86231
86526
9426
35130
5035
27390
24595
24595
24595
24595
24595
24595
24595
26775
24589
57504
57504
35278
34290
92431
94926
35541
35541
80446
81976
81976
104086
104086
104086
57918
85051
86721
54118
54118
54118
79851
107296
54118
79771
58022
87056
104091
104081
35538